x = 1.00063
y = 1.99867
z = -0.999036
t = 0.998888
N of iterations : 8
